FID;OBJECTID;Fecha;Codigo;Especie;Altura;POINT_X;POINT_Y
0;1;2022-05-21;93;Guayacán;0;-79,221422000299995;-3,959095999580000
1;2;2022-05-21;163;Guayacán;0;-79,221543999700003;-3,959809000090000
2;3;2022-05-21;205;Guayacán;0;-79,221702999800002;-3,960421000430000
3;4;2022-05-21;180;Guayacán;0;-79,221698999599994;-3,960510000040000
4;5;2022-05-21;85;Guayacán;0;-79,221682999799995;-3,961426000010000
5;6;2022-05-21;72;Guayacán;0;-79,224064999899994;-3,964153999910000
6;7;2022-05-21;165;Guayacán;32;-79,224063999899997;-3,964126999560000
7;8;2022-05-21;124;Guayacán;24;-79,224120999799993;-3,964131999790000
8;9;2022-05-21;178;Guayacán;22;-79,224115000400005;-3,964120000140000
9;10;2022-05-21;187;Guayacán;62;-79,224172000300001;-3,964063000210000
10;11;2022-05-21;108;Guayacán;40;-79,224076000400004;-3,964054999840000
11;12;2022-05-21;41;Guayacán;25;-79,224093000300002;-3,964037999950000
12;13;2022-05-21;206;Guayacán;36;-79,224081999800006;-3,964018999980000
13;14;2022-05-21;22;Guayacán;23;-79,224036000400005;-3,964050999650000
14;15;2022-05-21;102;Guayacán;22;-79,223998999599999;-3,964023000160000
15;16;2022-05-21;169;Guayacán;40;-79,223998999599999;-3,963986000250000
16;17;2022-05-21;119;Guayacán;24;-79,224174999599995;-3,964121000180000
17;18;2022-05-21;175;Guayacán;37;-79,222706000200006;-3,962318999820000
18;19;2022-05-21;179;Guayacán;27;-79,222487000000001;-3,962182999850000
19;20;2022-05-21;101;Guayacán;48;-79,222458000399996;-3,962157999590000
20;21;2022-05-21;97;Guayacán;55;-79,222405999800003;-3,962156000400000
21;22;2022-05-21;148;Guayacán;34;-79,222378000299997;-3,962090000050000
22;23;2022-05-21;9;Guayacán;39;-79,222353000100000;-3,962043999730000
23;24;2022-05-21;33;Guayacán;31;-79,222289999899999;-3,961973000050000
24;25;2022-05-21;2;Guayacán;37;-79,222300000299995;-3,961978000280000
25;26;2022-05-21;120;Guayacán;25;-79,222255000100006;-3,961935000100000
26;27;2022-05-21;95;Guayacán;30;-79,222249999799999;-3,961875000030000
27;28;2022-05-21;121;Guayacán;27;-79,222217000100002;-3,961825000420000
28;29;2022-05-21;192;Guayacán;42;-79,222155999999998;-3,961762000220000
29;30;2022-05-21;39;Guayacán;43;-79,222082000200004;-3,961793999890000
30;31;2022-05-21;12;Guayacán;30;-79,221926000200000;-3,961700000050000
31;32;2022-05-21;96;Guayacán;64;-79,221894999699998;-3,961688000400000
32;33;2022-05-21;157;Guayacán;46;-79,221892999600001;-3,961677999940000
33;34;2022-05-21;32;Guayacán;44;-79,221840999899996;-3,961599999940000
34;35;2022-05-21;53;Guayacán;23;-79,221736999599997;-3,961609000360000
35;36;2022-05-21;57;Guayacán;26;-79,221718999600000;-3,961525000080000
36;37;2022-05-21;154;Guayacán;36;-79,221721999799996;-3,961515999660000
37;38;2022-05-21;7;Guayacán;44;-79,221740999700003;-3,961320999660000
38;39;2022-05-21;20;Guayacán;38;-79,221736999599997;-3,961239000380000
39;40;2022-05-21;190;Guayacán;25;-79,221797999700001;-3,961246999850000
40;41;2022-05-21;49;Guayacán;37;-79,221895999699996;-3,961121000330000
41;42;2022-05-21;167;Guayacán;38;-79,221866000099993;-3,961061000260000
42;43;2022-05-21;16;Guayacán;27;-79,221888000199996;-3,960995999970000
43;44;2022-05-21;24;Guayacán;35;-79,221762999899994;-3,960708000170000
44;45;2022-05-21;123;Guayacán;30;-79,221748000100007;-3,960586999990000
45;46;2022-05-21;202;Guayacán;23;-79,221674000299998;-3,960384999670000
46;47;2022-05-21;215;Guayacán;40;-79,221639000400003;-3,960302000340000
47;48;2022-05-21;23;Guayacán;31;-79,221666999899995;-3,960202000220000
48;49;2022-05-21;59;Guayacán;36;-79,221630000000005;-3,960191999760000
49;50;2022-05-21;5;Guayacán;40;-79,221566999800004;-3,959986000150000
50;51;2022-05-21;45;Guayacán;40;-79,221613000100007;-3,959961999950000
51;52;2022-05-21;198;Guayacán;40;-79,221523999599995;-3,959763999810000
52;53;2022-05-21;30;Guayacán;45;-79,221363000300002;-3,959098999720000
53;54;2022-05-21;197;Guayacán;22;-79,221311999700006;-3,959008000020000
54;55;2022-05-21;113;Guayacán;25;-79,221270999699996;-3,959032000230000
55;56;2022-05-21;14;Guayacán;35;-79,221262000099998;-3,958983999810000
56;57;2022-05-21;125;Guayacán;28;-79,221259000000003;-3,959017000430000
57;58;2022-05-21;116;Guayacán;30;-79,221219000000005;-3,958988000000000
58;59;2022-05-21;69;Guayacán;56;-79,221178999900005;-3,958933000160000
59;60;2022-05-21;71;Guayacán;27;-79,221054000400002;-3,958877000270000
60;61;2022-05-21;10;Guayacán;38;-79,221121999999994;-3,958922999700000
61;62;2022-05-21;133;Guayacán;34;-79,221034999599993;-3,958777000160000
62;63;2022-05-21;131;Guayacán;26;-79,221112999599995;-3,958843999650000
63;64;2022-05-21;161;Guayacán;46;-79,221034000399996;-3,958805999700000
64;65;2022-05-21;77;Guayacán;39;-79,221027000099994;-3,958847999840000
65;66;2022-05-21;55;Guayacán;27;-79,220927000000003;-3,958825999720000
66;67;2022-05-21;52;Guayacán;26;-79,221011000299995;-3,958793000000000
67;68;2022-05-21;91;Guayacán;24;-79,220930000099997;-3,958724000410000
68;69;2022-05-21;117;Guayacán;24;-79,220902999800003;-3,958751999900000
69;70;2022-05-21;64;Guayacán;28;-79,220925999900004;-3,958749999810000
70;71;2022-05-21;92;Guayacán;47;-79,220893000199993;-3,958637000000000
71;72;2022-05-21;109;Guayacán;43;-79,220821999600005;-3,958686999610000
72;73;2022-05-21;180;Guayacán;35;-79,220822999700005;-3,958752999950000
73;74;2022-05-21;63;Guayacán;61;-79,220786999799998;-3,958685999560000
74;75;2022-05-21;99;Guayacán;50;-79,220755000099999;-3,958649999700000
75;76;2022-05-21;8;Guayacán;44;-79,220762999599998;-3,958613999840000
76;77;2022-05-21;29;Guayacán blanco;54;-79,220828999999995;-3,958582000160000
77;78;2022-05-21;66;Guayacán blanco;37;-79,220765999799994;-3,958569999610000
78;79;2022-05-21;144;Guayacán blanco;43;-79,220815000200005;-3,958510000440000
79;80;2022-05-21;80;Guayacán blanco;50;-79,220774000099993;-3,958517999910000
80;81;2022-05-21;15;Guayacán blanco;37;-79,220769999900000;-3,958481000000000
81;82;2022-05-21;146;Guayacán blanco;50;-79,220693999999995;-3,958397999770000
82;83;2022-05-21;151;Guayacán blanco;44;-79,220707999799998;-3,958472999630000
83;84;2022-05-21;107;Guayacán blanco;46;-79,220776000200004;-3,958456999790000
84;85;9/7/2022;42;Sauce;46;-79,201551000400002;-4,031603999620000
85;86;9/7/2022;60;Sauce;17;-79,201488000200001;-4,031615000130000
86;87;9/7/2022;30;Higueron;57;-79,201574999700000;-4,031511999880000
87;88;9/7/2022;79;Aliso;73;-79,201573999600001;-4,031476000020000
88;89;9/7/2022;54;Sauce;19;-79,201591999599998;-4,031564999630000
89;90;9/7/2022;13;Sauce;63;-79,201560999899996;-4,031421000180000
90;91;9/7/2022;34;Higueron;8;-79,201588000300006;-4,031373999810000
91;92;9/7/2022;97;Aliso;73;-79,201561999999996;-4,031656000220000
92;93;9/7/2022;25;Higueron;82;-79,201584000099999;-4,031343000180000
93;94;9/7/2022;39;Sauce;52;-79,201577999799994;-4,031278999930000
94;95;9/7/2022;44;Higueron;81;-79,201585000099996;-4,031687999900000
95;96;9/7/2022;8;Aliso;82;-79,201550000300003;-4,031265000180000
96;97;9/7/2022;61;Higueron;53;-79,201736999999994;-4,031168000200000
97;98;9/7/2022;66;Sauce;39;-79,201585000099996;-4,031176999720000
98;99;9/7/2022;87;Sauce;17;-79,201645000200003;-4,031165000060000
99;100;9/7/2022;14;Higueron;12;-79,201643000100006;-4,031150000270000
100;101;9/7/2022;36;Sauce;46;-79,201546000099995;-4,031082999880000
101;102;9/7/2022;12;Higueron;5;-79,201634999800007;-4,031056999580000
102;103;9/7/2022;83;Sauce;15;-79,201033999900005;-4,031106000040000
103;104;9/7/2022;23;Higueron;42;-79,201032999899994;-4,031095999580000
104;105;9/7/2022;22;Higueron;9;-79,201710999699998;-4,031048000070000
105;106;9/7/2022;73;Aliso;52;-79,201009999700005;-4,031123999970000
106;107;9/7/2022;20;Aliso;45;-79,201686000300001;-4,031022999810000
107;108;9/7/2022;46;Aliso;109;-79,201716999900000;-4,030439999910000
108;109;9/7/2022;5;Aliso;10;-79,201586000199995;-4,030117000300000
109;110;9/7/2022;62;Aliso;95;-79,201601999999994;-4,030132000090000
110;111;9/7/2022;33;Sauce;71;-79,201607000300001;-4,030116000250000
111;112;9/7/2022;4;Higueron;23;-79,201513999599996;-4,030089999950000
112;113;9/7/2022;28;Aliso;86;-79,200987999600002;-4,029131999840000
113;114;9/7/2022;65;Sauce;90;-79,201396999599993;-4,030063999650000
114;115;9/7/2022;31;Higueron;70;-79,201002000200006;-4,029203000420000
115;116;9/7/2022;21;Sauce;19;-79,201051999800001;-4,029136000030000
116;117;9/7/2022;16;Sauce;57;-79,201265999800000;-4,029969999820000
117;118;9/7/2022;53;Aliso;39;-79,201033999900005;-4,029125999570000
118;119;9/7/2022;9;Aliso;86;-79,201243999699997;-4,029964000440000
119;120;9/7/2022;1;Sauce;16;-79,201078000099997;-4,029090999750000
120;121;9/7/2022;7;Higueron;29;-79,201186999800001;-4,029957000120000
121;122;9/7/2022;58;Sauce;15;-79,201154000100004;-4,029964000440000
122;123;9/7/2022;56;Higueron;43;-79,201063000399998;-4,029051999750000
123;124;9/7/2022;67;Aliso;93;-79,201145999700003;-4,029951999880000
124;125;9/7/2022;70;Aliso;102;-79,201120000299994;-4,029062000210000
125;126;9/7/2022;96;Higueron;52;-79,201132999999999;-4,029056999980000
126;127;9/7/2022;18;Higueron;47;-79,201070999799995;-4,028977999930000
127;128;9/7/2022;42;Aliso;35;-79,201083000400004;-4,029086999570000
128;129;9/7/2022;4;Higueron;66;-79,201172000000000;-4,029008000420000
129;130;9/7/2022;15;Sauce;30;-79,201148999799997;-4,029016999930000
130;131;9/7/2022;38;Higueron;63;-79,201198000299996;-4,029008000420000
131;132;9/7/2022;47;Sauce;92;-79,201131999899999;-4,028999000000000
132;133;9/7/2022;3;Sauce;37;-79,201203999699999;-4,029025000300000
133;134;9/7/2022;98;Sauce;20;-79,201197000199997;-4,028949000400000
134;135;9/7/2022;19;Aliso;68;-79,201240000400006;-4,028898999890000
135;136;9/7/2022;48;Higueron;72;-79,201150999899994;-4,028912999640000
136;137;9/7/2022;5;Higueron;62;-79,201218000300003;-4,028937999890000
137;138;9/7/2022;91;Sauce;89;-79,201556999800005;-4,028195999850000
138;139;9/7/2022;13;Sauce;8;-79,201188999899998;-4,028934999750000
139;140;9/7/2022;34;Aliso;31;-79,201526000100003;-4,028176999870000
140;141;9/7/2022;95;Sauce;38;-79,201013999899999;-4,028877999820000
141;142;9/7/2022;92;Aliso;40;-79,201567000200001;-4,028131999590000
142;143;9/7/2022;58;Higueron;59;-79,201179000300002;-4,028852999570000
143;144;9/7/2022;3;Sauce;13;-79,201585000099996;-4,028159999980000
144;145;9/7/2022;15;Higueron;58;-79,201188999899998;-4,028895999750000
145;146;9/7/2022;31;Higueron;65;-79,201300999599994;-4,028974999800000
146;147;9/7/2022;80;Higueron;41;-79,201536999699996;-4,028084000080000
147;148;9/7/2022;52;Higueron;72;-79,201291000099999;-4,028797999730000
148;149;9/7/2022;40;Aliso;41;-79,201522999999995;-4,028080999940000
149;150;9/7/2022;77;Higueron;69;-79,201552999599997;-4,028042999980000
150;151;9/7/2022;68;Aliso;78;-79,201552999599997;-4,028020999870000
151;152;9/7/2022;57;Higueron;73;-79,201516999700004;-4,028018999780000
152;153;9/7/2022;71;Aliso;35;-79,201513999599996;-4,027954000380000
153;154;9/7/2022;41;Sauce;36;-79,200852999700004;-4,026960999550000
154;155;9/7/2022;63;Higueron;20;-79,200804000100007;-4,026971000010000
155;156;9/7/2022;29;Sauce;12;-79,201593999699995;-4,028015999640000
156;157;9/7/2022;99;Aliso;25;-79,200764000099994;-4,026937000240000
157;158;9/7/2022;50;Higueron;59;-79,201533000400005;-4,028021999920000
158;159;9/7/2022;82;Higueron;62;-79,201556999800005;-4,027964999980000
159;160;9/7/2022;27;Sauce;69;-79,201543000000001;-4,027992000330000
160;161;9/7/2022;8;Sauce;7;-79,201536999699996;-4,027927000030000
161;162;9/7/2022;12;Aliso;62;-79,201604000100005;-4,027976999640000
162;163;9/7/2022;106;Higueron;58;-79,201595999800006;-4,027970000220000
163;164;9/7/2022;48;Higueron;64;-79,201600999999997;-4,027932000260000
164;165;9/7/2022;22;Sauce;94;-79,201183999600005;-4,026179000360000
165;166;9/7/2022;68;Aliso;43;-79,201570000399997;-4,027914000330000
166;167;9/7/2022;39;Sauce;84;-79,201160000300007;-4,026163999670000
167;168;9/7/2022;33;Sauce;19;-79,201616999799995;-4,027921999800000
168;169;9/7/2022;105;Higueron;74;-79,201279000400007;-4,026090999900000
169;170;9/7/2022;90;Aliso;90;-79,201537999799996;-4,027936000450000
170;171;9/7/2022;64;Higueron;87;-79,201326999900004;-4,025390999990000
171;172;9/7/2022;11;Higueron;90;-79,201431000200003;-4,025387999860000
172;173;9/7/2022;17;Sauce;114;-79,201578999899994;-4,027954000380000
173;174;9/7/2022;6;Sauce;110;-79,201483999999994;-4,025061000070000
174;175;9/7/2022;7;Sauce;17;-79,201592999599995;-4,027941999820000
175;176;9/7/2022;52;Higueron;72;-79,201560999899996;-4,027961999850000
176;177;9/7/2022;76;Aliso;50;-79,201608000299998;-4,027962999890000
177;178;9/7/2022;37;Sauce;62;-79,201102000399999;-4,024309999610000
178;179;9/7/2022;36;Aliso;55;-79,201057000099993;-4,024360000110000
179;180;9/7/2022;57;Higueron;81;-79,201606000200002;-4,028014999590000
180;181;9/7/2022;1;Higueron;66;-79,201572999600003;-4,026091999950000
181;182;9/7/2022;55;Higueron;78;-79,201377999599998;-4,025657999720000
182;183;9/7/2022;24;Higueron;52;-79,201349000099995;-4,025854999810000
183;184;9/7/2022;44;Higueron;83;-79,201377999599998;-4,025796999830000
184;185;9/7/2022;61;Higueron;99;-79,201340999699994;-4,025336000160000
185;186;2024-06-08;44;Desconocida 1;58;-79,245532999700004;-3,964165000410000
186;187;2024-06-08;45;Desconocida 1;48;-79,245535999900000;-3,964222000340000
187;188;2024-06-08;46;Desconocida 1;41;-79,245605000400005;-3,964284999650000
188;189;2024-06-08;47;Desconocida 2;33;-79,245487000300002;-3,964427999950000
189;190;2024-06-08;48;Desconocida 2;22;-79,245491999699993;-3,964445999880000
190;191;2024-06-08;49;Desconocida 1;42;-79,245583000300002;-3,964442999740000
191;192;2024-06-08;50;Aliso;62;-79,245471999599999;-3,964495000340000
192;193;2024-06-08;51;Desconocida 2;29;-79,245537999999996;-3,964511000180000
193;194;2024-06-08;52;Romerillo;34;-79,245582000200002;-3,964511000180000
194;195;2024-06-08;54;Desconocida 1;24;-79,245575999899998;-3,964572000300000
195;196;2024-06-08;55;Romerillo;34;-79,245582000200002;-3,964549000140000
196;197;2024-06-08;56;Nispero;63;-79,245723000400005;-3,964605000020000
197;198;2024-06-08;57;Nispero;61;-79,245670999799998;-3,964581999860000
198;199;2024-06-08;58;Nispero;61;-79,245743999599995;-3,964484999880000
199;200;2024-06-08;59;Nispero;54;-79,246358000000001;-3,964041000090000
200;201;2024-06-08;60;Aliso;111;-79,246237999900004;-3,964103000250000
201;202;2024-06-08;61;Desconocida 2;30;-79,246251999600005;-3,964145000390000
202;203;2024-06-08;62;Romerillo;35;-79,246222000000003;-3,964129999700000
203;204;2024-06-08;63;Romerillo;36;-79,246128000200002;-3,964224000440000
204;205;2024-06-08;64;Nispero;58;-79,246234999699993;-3,964094999880000
205;206;2024-06-08;65;Romerillo;26;-79,246059999799996;-3,964108999630000
206;207;2024-06-08;66;Desconocida 1;47;-79,246042999899998;-3,964096999980000
207;208;2024-06-08;67;Desconocida 3;114;-79,246035999599997;-3,964228999770000
208;209;2024-06-08;68;Aliso;48;-79,245892000100000;-3,964461999720000
209;210;2024-06-08;69;Desconocida 1;46;-79,245872000099993;-3,964427999950000
210;211;2024-06-08;70;Desconocida 2;21;-79,245899999599999;-3,964379000390000
211;212;2024-06-08;71;Nispero;30;-79,245855000199995;-3,964404999790000
212;213;2024-06-08;72;Nispero;36;-79,245898000400004;-3,964384999770000
213;214;2024-06-08;73;Guayaba;146;-79,245875000200002;-3,964458999580000
214;215;2024-06-08;74;Nispero;59;-79,245833000100006;-3,964327999840000
215;216;2024-06-08;75;Nispero;65;-79,245780000300002;-3,964185000440000
216;217;2024-06-08;76;Nispero;62;-79,245863999700006;-3,964296000160000
217;218;2024-06-08;77;Romerillo;26;-79,245892000100000;-3,964269999860000
218;219;2024-06-08;78;Romerillo;25;-79,245859000400003;-3,964281000370000
219;220;2024-06-08;79;Romerillo;37;-79,245892000100000;-3,964166999610000
220;221;2024-06-08;80;Desconocida 2;34;-79,245877000299998;-3,964201000280000
221;222;2024-06-08;81;Nispero;61;-79,245905999900003;-3,964171999840000
222;223;2024-06-08;82;Nispero;54;-79,245941999699994;-3,964197000090000
223;224;2024-06-08;83;Romerillo;39;-79,246021999800007;-3,964112999820000
224;225;2024-06-08;84;Desconocida 2;69;-79,245960999700003;-3,964174999980000
225;226;2024-06-08;85;Nispero;32;-79,246015000400007;-3,964074999860000
226;227;2024-06-08;86;Desconocida 2;39;-79,245997999599993;-3,964050999650000
227;228;2024-06-08;87;Nispero;66;-79,245980999699995;-3,964020000020000
228;229;2024-06-08;88;Desconocida 1;61;-79,245933000199997;-3,964110999720000
229;230;2024-06-08;89;Aliso;75;-79,245936000300006;-3,964128999650000
230;231;2024-06-08;90;Nispero;43;-79,245892000100000;-3,964130999750000
231;232;2024-06-08;91;Romerillo;24;-79,245964999899996;-3,964159000140000
232;233;2024-06-08;92;Nispero;67;-79,245879000399995;-3,964191999860000
233;234;2024-06-08;93;Nispero;53;-79,245852000100001;-3,964204000410000
234;235;2024-06-08;94;Desconocida 1;26;-79,245818000300005;-3,964251999930000
235;236;2024-06-08;95;Romerillo;21;-79,245784999700007;-3,964243999560000
236;237;2024-06-08;96;Desconocida 2;31;-79,245918000399996;-3,964280000320000
237;238;2024-06-08;97;Guayaba;46;-79,245682000299993;-3,964289999880000
238;239;2024-06-08;98;Guayaba;39;-79,245745999700006;-3,964339000340000
239;240;2024-06-08;99;Romerillo;24;-79,245723000400005;-3,964380999580000
240;241;2024-06-08;100;Desconocida 1;21;-79,245821000399999;-3,964375000210000
241;242;23/4/2022;55;Aliso;1;-79,201304999800001;-4,025400000410000
242;243;23/4/2022;61;Aliso;1;-79,201860000200000;-4,024750000110000
243;244;23/4/2022;81;Aliso;1;-79,201978000300002;-4,024964000090000
244;245;23/4/2022;16;Aliso;1;-79,201851999900001;-4,024899999840000
245;246;23/4/2022;24;Higueron;0;-79,201885999599995;-4,024869000200000
246;247;23/4/2022;94;Sauce;1;-79,202010999999999;-4,025054999790000
247;248;23/4/2022;84;Higueron;0;-79,202026999799997;-4,025068000390000
248;249;23/4/2022;86;Higueron;1;-79,200545999900001;-4,026492000410000
249;250;23/4/2022;105;Higueron;1;-79,200568000000004;-4,026489000270000
250;251;23/4/2022;39;Sauce;1;-79,201763000300005;-4,024943000020000
251;252;23/4/2022;22;Sauce;2;-79,200567000000007;-4,026494999640000
252;253;23/4/2022;63;Sauce;1;-79,203008000099999;-4,025442999690000
253;254;23/4/2022;30;Sauce;1;-79,199781999699994;-4,026805999600000
254;255;23/4/2022;19;Sauce;1;-79,201476999700006;-4,029224999630000
255;256;23/4/2022;109;Higueron;1;-79,200728000200002;-4,026408000130000
256;257;23/4/2022;99;Higueron;1;-79,198834000100007;-4,026591999620000
257;258;23/4/2022;2;Higueron;1;-79,200481999600001;-4,026498999830000
258;259;23/4/2022;41;Sauce;1;-79,200402999600001;-4,026628000380000
259;260;23/4/2022;29;Sauce;1;-79,201545000099998;-4,028064000050000
260;261;23/4/2022;106;Higueron;1;-79,201599999899997;-4,028036999710000
261;262;23/4/2022;43;Sauce;1;-79,201364999899994;-4,028831000350000
262;263;23/4/2022;52;Higueron;1;-79,201285999800007;-4,028831000350000
263;264;23/4/2022;31;Higueron;1;-79,201272000100005;-4,028865000120000
264;265;23/4/2022;110;Higueron;1;-79,201235000200001;-4,028887000230000
265;266;23/4/2022;37;Sauce;1;-79,201228999899996;-4,028876999770000
266;267;23/4/2022;98;Sauce;0;-79,201227999899999;-4,029011999700000
267;268;23/4/2022;23;Sauce;1;-79,201136000100007;-4,028971999660000
268;269;23/4/2022;58;Higueron;1;-79,201233000100004;-4,028911000440000
269;270;23/4/2022;9;Higueron;0;-79,201138000200004;-4,028972999700000
270;271;23/4/2022;51;Sauce;1;-79,201201000400005;-4,028956999870000
271;272;23/4/2022;15;Sauce;1;-79,201150999899994;-4,029133999930000
272;273;23/4/2022;3;Sauce;1;-79,201139000300003;-4,029065000350000
273;274;23/4/2022;62;Higueron;1;-79,201186999800001;-4,029054999890000
274;275;23/4/2022;38;Higueron;1;-79,201205999799996;-4,029146999630000
275;276;23/4/2022;4;Higueron;1;-79,201228999899996;-4,029081000190000
276;277;23/4/2022;42;Higueron;0;-79,201226999799999;-4,029032999770000
277;278;23/4/2022;96;Higueron;0;-79,201145999700003;-4,029146999630000
278;279;23/4/2022;70;Aliso;1;-79,201165999699995;-4,029098000070000
279;280;23/4/2022;53;Aliso;1;-79,201153000000005;-4,029127999660000
280;281;23/4/2022;56;Higueron;0;-79,201203999699999;-4,029082000230000
281;282;23/4/2022;1;Sauce;2;-79,201115000100003;-4,029209999840000
282;283;23/4/2022;104;Aliso;1;-79,201201000400005;-4,029095999980000
283;284;23/4/2022;75;Sauce;1;-79,201162000400004;-4,029152999910000
284;285;23/4/2022;85;Higueron;1;-79,201138000200004;-4,029144000400000
285;286;23/4/2022;28;Aliso;1;-79,201053999899997;-4,029211999930000
286;287;23/4/2022;45;Higueron;0;-79,200978000000006;-4,031043999880000
287;288;23/4/2022;108;Higueron;1;-79,200989999699999;-4,031120999830000
288;289;23/4/2022;100;Aliso;1;-79,201015999999996;-4,031036999560000
289;290;23/4/2022;83;Sauce;1;-79,201026000400006;-4,031089000160000
290;291;23/4/2022;46;Aliso;1;-79,201279000400007;-4,029863000280000
291;292;23/4/2022;73;Aliso;1;-79,200997000000001;-4,031076999600000
292;293;23/4/2022;26;Aliso;0;-79,200968999599993;-4,031090000200000
293;294;23/4/2022;11;Aliso;1;-79,201757999999998;-4,029976000090000
294;295;23/4/2022;5;Sauce;1;-79,202391999599996;-4,030141999650000
295;296;23/4/2022;64;Aliso;1;-79,201043000300004;-4,029802000160000
296;297;23/4/2022;21;Sauce;1;-79,202377999800007;-4,030109999980000
297;298;23/4/2022;40;Higueron;1;-79,202068999999995;-4,029979000230000
298;299;23/4/2022;18;Sauce;1;-79,201226999799999;-4,028943000120000
299;300;23/4/2022;95;Sauce;1;-79,201170999900000;-4,028912999640000
300;301;23/4/2022;6;Aliso;1;-79,201836000000000;-4,029865000370000
301;302;23/4/2022;88;Aliso;1;-79,201664000199997;-4,030995000320000
302;303;23/4/2022;20;Sauce;1;-79,201671999699997;-4,031042999830000
303;304;23/4/2022;116;Higueron;1;-79,201697999999993;-4,031063999900000
304;305;23/4/2022;27;Sauce;1;-79,201524000000006;-4,027977999680000
305;306;23/4/2022;71;Aliso;1;-79,201525000100006;-4,027959999750000
306;307;23/4/2022;78;Higueron;0;-79,201659000000006;-4,031087000060000
307;308;23/4/2022;17;Aliso;1;-79,201543000000001;-4,028285000350000
308;309;23/4/2022;91;Sauce;1;-79,201544000100000;-4,028202000120000
309;310;23/4/2022;103;Higueron;1;-79,201572000400006;-4,028191999660000
310;311;23/4/2022;36;Sauce;1;-79,201674999800005;-4,031122999930000
311;312;23/4/2022;112;Sauce;1;-79,201552000400000;-4,028141000010000
312;313;23/4/2022;117;Higueron;1;-79,201626000199994;-4,031152000360000
313;314;23/4/2022;12;Aliso;1;-79,201597999800001;-4,028003999980000
314;315;23/4/2022;87;Suace;0;-79,201635999800004;-4,031158999790000
315;316;23/4/2022;92;Aliso;1;-79,201557999800002;-4,028158999940000
316;317;23/4/2022;34;Aliso;1;-79,201533000400005;-4,028175999820000
317;318;23/4/2022;49;Sauce;1;-79,201453000399994;-4,029618999820000
318;319;23/4/2022;0;Aliso;1;-79,201612999600002;-4,031197999790000
319;320;23/4/2022;80;Higueron;0;-79,201548000200006;-4,028112999620000
320;321;23/4/2022;32;Higueron;1;-79,201556999800005;-4,031293999720000
321;322;23/4/2022;65;Sauce;1;-79,201590000400003;-4,031272999650000
322;323;23/4/2022;14;Higueron;1;-79,201187999799998;-4,029873999890000
323;324;23/4/2022;66;Higueron;0;-79,201570000399997;-4,028070000330000
324;325;23/4/2022;50;Aliso;0;-79,201559999899999;-4,028045000080000
325;326;23/4/2022;77;Higueron;1;-79,201550000300003;-4,028008000170000
326;327;23/4/2022;33;Sauce;1;-79,201537999799996;-4,027951000240000
327;328;23/4/2022;47;Sauce;1;-79,201235000200001;-4,029878000070000
328;329;23/4/2022;90;Aliso;1;-79,201533000400005;-4,027960999800000
329;330;23/4/2022;8;Aliso;1;-79,201583000100001;-4,031237999830000
330;331;23/4/2022;67;Aliso;1;-79,201238000299995;-4,029926999630000
331;332;23/4/2022;111;Higueron;1;-79,201525000100006;-4,028053999590000
332;333;23/4/2022;102;Sauce;1;-79,201568000300000;-4,031294999760000
333;334;23/4/2022;68;Aliso;1;-79,201536999699996;-4,028040999890000
334;335;23/4/2022;89;Sauce;1;-79,201544000100000;-4,027968000120000
335;336;23/4/2022;93;Sauce;1;-79,201569000299997;-4,027950000190000
336;337;23/4/2022;107;Sauce;1;-79,201199000299994;-4,029940000230000
337;338;23/4/2022;118;Sauce;0;-79,201236000199998;-4,029940000230000
338;339;23/4/2022;60;Aliso;1;-79,201532000399993;-4,027911000190000
339;340;23/4/2022;25;Aliso;1;-79,201654999799999;-4,031404000290000
340;341;23/4/2022;35;Higueron;1;-79,201234000100001;-4,029942000320000
341;342;23/4/2022;101;Higueron;1;-79,201605000200004;-4,031394999880000
342;343;23/4/2022;7;Sauce;0;-79,201616999799995;-4,027963999940000
343;344;23/4/2022;13;Sauce;1;-79,201582000000002;-4,031402000200000
344;345;23/4/2022;119;Higueron;1;-79,201601999999994;-4,027989000190000
345;346;23/4/2022;79;Aliso;1;-79,201538999799993;-4,031451999810000
346;347;23/4/2022;115;Higueron;1;-79,201534999600000;-4,031496000040000
347;348;23/4/2022;76;Aliso;1;-79,201607000300001;-4,028039999850000
348;349;23/4/2022;57;Higueron;1;-79,201625000199996;-4,028052000400000
349;350;23/4/2022;10;Aliso;1;-79,201233000100004;-4,029937000090000
350;351;23/4/2022;54;Suace;0;-79,201542000000003;-4,031580000320000
351;352;23/4/2022;97;Aliso;1;-79,201565000100004;-4,031615000130000
352;353;23/4/2022;44;Higueron;1;-79,201588000300006;-4,031617000220000